5.773366958369012814e+00
5.527886964379005619e+00
4.613712097240205701e+00
4.961133633947326871e+00
4.088044555985223205e+00
3.862285563078516670e+00
3.833264696559643969e+00
3.619966614618460365e+00
3.418949162972789946e+00
3.358679150547989600e+00
3.547299812204931513e+00
3.439128738192358536e+00
3.387776359056046349e+00
3.444186537197041709e+00
3.492658847361377106e+00
3.411648438574260922e+00
3.374634394346714306e+00
3.256929934452624575e+00
3.290016477606446443e+00
3.312625181699183408e+00
3.305451412266534827e+00
3.225239711510036855e+00
3.268020083010061860e+00
3.249054644631849786e+00
3.195566161765856616e+00
3.240140144152354740e+00
3.174796417544597293e+00
3.207577334086038068e+00
3.169768921351621582e+00
3.215249212705236559e+00
3.251396701650871357e+00
3.176547484974941771e+00
3.185775789228148192e+00
3.161805994017985011e+00
3.206196233006593399e+00
3.276338675920294818e+00
3.236394779270229005e+00
3.206450291888065074e+00
3.221682524863193287e+00
3.224083280152187481e+00
3.197921759790715246e+00
3.213765759173714986e+00
3.281369107538648855e+00
3.167556205877471776e+00
3.210855105698577461e+00
3.229281143730456272e+00
3.219686797969482761e+00
3.127839801937737807e+00
3.226464780437854341e+00
3.156259978654905041e+00
3.173750938987955017e+00
3.179484942235524247e+00
3.230430007833225314e+00
3.151341618637321762e+00
3.209471065047520888e+00
3.134522384414920371e+00
3.148783307197811965e+00
3.202343437938938386e+00
3.216955524349424334e+00
3.173695210126630251e+00
3.186052715643934885e+00
3.285101680386651068e+00
3.180165085615620502e+00
3.164837257533980264e+00
3.226299016603155323e+00
3.225381459659645067e+00
3.159939980592466391e+00
3.207882128844885994e+00
3.203473714331618538e+00
3.158856822328185654e+00
3.189860495097049942e+00
3.256852461888385175e+00
3.200834404156554847e+00
3.200341716838912109e+00
3.176112606066611388e+00
3.257960544655278845e+00
3.198246582905603042e+00
3.150089165219154275e+00
3.181883119254189651e+00
3.144921144145429892e+00
3.585103768945640201e+00
3.240849922135924377e+00
3.153313470108483063e+00
3.227457120513677058e+00
3.194688734573301048e+00
3.178154437023918089e+00
3.204127694146285954e+00
3.162427633147110395e+00
3.220528669218524431e+00
3.268929969283618231e+00
3.186365640726636972e+00
3.214751705929875136e+00
3.159610090242625624e+00
3.199508374440653835e+00
3.208806032501983818e+00
3.209183910893006697e+00
3.159626468643459418e+00
3.144419671613844613e+00
3.208096020004544080e+00
3.199498305572443968e+00
