2.639723320170033638e+00
2.378984515572814651e+00
2.355311652661514543e+00
2.309803632417681829e+00
2.172899276816927294e+00
2.223534626481269871e+00
2.076086061978607233e+00
2.089842408236366023e+00
2.125734904852947693e+00
2.100943146593008848e+00
2.113256310147620720e+00
2.128402174012821391e+00
2.133360779816185548e+00
2.125987743511150718e+00
2.084187461445575540e+00
2.117504811959343147e+00
2.135851639500201848e+00
2.106992350292626881e+00
2.110043954724919679e+00
2.065032517841666859e+00
2.129713153945212767e+00
2.070559495549028739e+00
2.048467331194995911e+00
2.081404502640707310e+00
2.062642079793616023e+00
2.092472151093633492e+00
2.091859735839454615e+00
2.023132374893838126e+00
2.047411108567817273e+00
2.066124677574477708e+00
2.085269842352190928e+00
2.073973864185547633e+00
2.054017513662595551e+00
2.022967217503838899e+00
2.044398698784576585e+00
2.040314848491299848e+00
2.044643084917491915e+00
2.042848586698478019e+00
2.063201084139357100e+00
2.075227949468446020e+00
2.058064414749349869e+00
2.047389534326928384e+00
2.057906615249364357e+00
2.034676524787653928e+00
2.025211200796079858e+00
2.029188138971679489e+00
2.033617944098786268e+00
2.024200358231424524e+00
2.059907780995671622e+00
2.029489215986767459e+00
2.037208156289276761e+00
2.020668676702739308e+00
2.043181137421163029e+00
2.020441255478412135e+00
2.045913726202872152e+00
2.048289549318692782e+00
2.038936914659744470e+00
2.036080316759675046e+00
2.065671793062860306e+00
2.026620203279112964e+00
2.017974708348484469e+00
2.030381111350661349e+00
2.029745833699346136e+00
2.019371993044055014e+00
2.020468989866067044e+00
2.001300360607707329e+00
2.013952394681476576e+00
2.015580322963336002e+00
2.026435100724741201e+00
2.033447888272753801e+00
2.033424929264439296e+00
2.010486442247561012e+00
2.027469099965044208e+00
2.015867738258982023e+00
2.020877075040758974e+00
2.003104944039976854e+00
2.006793563330167451e+00
2.018129455347858148e+00
2.035974140557180956e+00
2.019294610051371119e+00
2.023356165119246874e+00
2.030247989570496348e+00
2.023646808831857324e+00
1.992465016306552483e+00
2.020481931698631328e+00
2.024604460548005580e+00
2.013630787001515987e+00
2.012063377799366393e+00
2.020803883872537288e+00
2.029580925902286559e+00
2.022746478036791196e+00
2.021072273702956945e+00
2.005558306747346364e+00
2.009420484852820099e+00
2.025583434547953754e+00
2.019285125174699047e+00
2.022312093113496356e+00
2.009243531500580993e+00
2.014605153107376534e+00
2.019788606017507870e+00
