2.629581279879212197e+00
2.443773941570780650e+00
2.305875931959871394e+00
2.301643084977191389e+00
2.188734641531714598e+00
2.132730361845935452e+00
2.152998025559667461e+00
2.129921467392071666e+00
2.105389399029786723e+00
2.078809001635728571e+00
2.129725190160317805e+00
2.215071924871478526e+00
2.195832894335115970e+00
2.097646879129859698e+00
2.128384919840146772e+00
2.181701347689678716e+00
2.075138833534679872e+00
2.068683696073297273e+00
2.039832436230348822e+00
2.109418710327835456e+00
2.085101396466237933e+00
2.053886921651048691e+00
2.094977152106975105e+00
2.055932421906353724e+00
2.043611530031384405e+00
2.085256597707757287e+00
2.074470980314706114e+00
2.026565605510666668e+00
2.087841717943260456e+00
2.037834843793306483e+00
2.050894600011426316e+00
2.064406857799046868e+00
2.021748151048949893e+00
2.044516680713747814e+00
2.014164468531526087e+00
2.045954922811191068e+00
2.045920910545346416e+00
2.067301883178028543e+00
2.027314731279105331e+00
2.024511076074535509e+00
2.004483500701374155e+00
2.064269228963741654e+00
2.040563743406842434e+00
2.036033352235877114e+00
2.032046537038837197e+00
2.057403290193160927e+00
2.041488320640095999e+00
2.020518509966654719e+00
2.028405858310631693e+00
2.026976463090544911e+00
2.058611207103939300e+00
2.036457176715260609e+00
2.033520458683446108e+00
2.029636576466043785e+00
2.015151201701925299e+00
2.026909208233947268e+00
2.016414255458239602e+00
2.035658232499390596e+00
2.043087791967976408e+00
2.014220836907069323e+00
2.045635535335929234e+00
2.031705007559032161e+00
2.012879618547933180e+00
2.018489358413441792e+00
2.020909223072856697e+00
2.001595213180777044e+00
2.025952974288204533e+00
2.027563813687352834e+00
2.007922369522034067e+00
2.010192742622543438e+00
2.013923324635314316e+00
2.026648851650249661e+00
2.019006791826543967e+00
2.009421053430080040e+00
2.020030344266467992e+00
2.017638052481571798e+00
2.016540986200259233e+00
2.016908220504482152e+00
2.030615426245698352e+00
2.016769636230446139e+00
2.023327715210111233e+00
2.028480464702544506e+00
2.016547525840811428e+00
2.015618733447814837e+00
2.004420732901614599e+00
2.018043551263293711e+00
2.016104397793986536e+00
2.024822327648592601e+00
2.032746455238038319e+00
2.010945773932968361e+00
2.024277202327304348e+00
2.013283062983749261e+00
2.007653551253466784e+00
2.013223335776790357e+00
2.020866377262047209e+00
2.013543882761199111e+00
2.004718270936955982e+00
2.033383585585008202e+00
1.998821206348927459e+00
2.022147890102554246e+00
