3.548831596150181955e+00
3.439169071862864246e+00
3.257419007485131690e+00
3.295618398126296977e+00
3.268379239103776257e+00
3.204161920592305535e+00
3.188624794969709519e+00
3.219151231462135332e+00
3.153873925843927228e+00
3.247738983085227904e+00
3.160078303948155476e+00
3.186609850636703989e+00
3.194238107250675807e+00
3.231164672319412734e+00
3.175973672573290330e+00
3.170580847281506021e+00
3.170393180975229264e+00
3.204652786927623787e+00
3.179630067922892156e+00
3.189453757062894468e+00
3.229297297788261467e+00
3.235157592951287242e+00
3.146140963310027683e+00
3.168497523353926315e+00
3.190410032147259489e+00
3.188668685533888603e+00
3.198909356769954915e+00
3.182096766453149872e+00
3.189468259411655016e+00
3.204254296958886084e+00
3.241728863639426361e+00
3.163157179920663253e+00
3.190743255369469011e+00
3.211443138853073531e+00
3.174145543036270833e+00
3.234727901747931789e+00
3.200660401877061467e+00
3.136901416863721703e+00
3.261872826776508028e+00
3.175961139999117222e+00
3.180718748746049318e+00
3.183140010018438382e+00
3.243837649532879119e+00
3.143826489463910523e+00
3.202504255028045144e+00
3.153699401076865083e+00
3.120229168411850385e+00
3.162268044102340969e+00
3.187272333764846088e+00
3.173184152886284526e+00
3.194167275524465666e+00
3.219459198123976407e+00
3.166443644146778702e+00
3.112883688786226788e+00
3.165979185107107075e+00
3.122782170650890254e+00
3.179333492129494676e+00
3.130080237699731871e+00
3.207680593664487656e+00
3.171953604258551440e+00
3.166811912067277301e+00
3.165389843196294795e+00
3.174373888986167014e+00
3.208788439168235751e+00
3.184667492314808612e+00
3.168477835221746197e+00
3.200048506917153812e+00
3.214351221071198861e+00
3.166404938514260081e+00
3.169702046329141432e+00
3.181517491841361789e+00
3.114172141017979456e+00
3.184788439305993091e+00
3.169586225157780213e+00
3.206286901122887389e+00
3.180354993263276420e+00
3.159428429033551922e+00
3.155941781508245114e+00
3.183368043840740125e+00
3.226843197984341938e+00
3.140686829123582324e+00
3.093963110569174280e+00
3.172408397124081070e+00
3.206690862299837352e+00
3.172248941336598627e+00
3.218258157251053575e+00
3.169677206358978427e+00
3.181613581905893273e+00
3.157766503619462206e+00
3.108726221055782890e+00
3.117815637728079459e+00
3.197750724697900893e+00
3.211171502712579340e+00
3.151058480809306062e+00
3.207891128350983223e+00
3.192155663497313611e+00
3.201391705100136598e+00
3.201812791901736954e+00
3.154018473405495016e+00
3.137331738833852857e+00
