3.573285736526997880e+00
3.465233892654486336e+00
3.322755942181930155e+00
3.263804121185940765e+00
3.275371143144684805e+00
3.263895257771423086e+00
3.185469559182309229e+00
3.262107016922562330e+00
3.215157855929589914e+00
3.147391177113570748e+00
3.204321242221870314e+00
3.201039711638202778e+00
3.180967293406407492e+00
3.183286341544441456e+00
3.244858495491325989e+00
3.196896881660429290e+00
3.182766828456252917e+00
3.157632098077749472e+00
3.185709387350780020e+00
3.160341009993481887e+00
3.163843587967822391e+00
3.221394948519982204e+00
3.158401611030441813e+00
3.201841212834925177e+00
3.182717915639577733e+00
3.243493169334878967e+00
3.198435472490695375e+00
3.200224223261459944e+00
3.208488943996961940e+00
3.223559609664348180e+00
3.191145321505243437e+00
3.220305858731492332e+00
3.146037619325841916e+00
3.281770488673414921e+00
3.107956220180084994e+00
3.151330756126887511e+00
3.214349961629747732e+00
3.145830858846032640e+00
3.181280269069337585e+00
3.176479977510600072e+00
3.207797644105810253e+00
3.170257261155179584e+00
3.216996061647873439e+00
3.227200536884628157e+00
3.161408301333534343e+00
3.176981583376227380e+00
3.196784683877685662e+00
3.262295471396750468e+00
3.187344571209210109e+00
3.215113912975079646e+00
3.137609034517114814e+00
3.209806502033663023e+00
3.197678699964957350e+00
3.197903753006044791e+00
3.190032262744424418e+00
3.206160094763579771e+00
3.193825787693669760e+00
3.166910810259801146e+00
3.232521168347902929e+00
3.185136056591172160e+00
3.209334596489302083e+00
3.208260835596913552e+00
3.207985736299538537e+00
3.219588572704378926e+00
3.200487117383376212e+00
3.188368768657862784e+00
3.160800370162002881e+00
3.245332823549641699e+00
3.164653378005435336e+00
3.207703960743016225e+00
3.166851176430574455e+00
3.148291358333828782e+00
3.130403469699945429e+00
3.144722335682419434e+00
3.217540922609932075e+00
3.185365153998804821e+00
3.218869685477042442e+00
3.223700582100116563e+00
3.146771861060365882e+00
3.175604939592953091e+00
3.204505565348019669e+00
3.170805877652612459e+00
3.194893236098597544e+00
3.183159939916684333e+00
3.184393210538621677e+00
3.238400513959105886e+00
3.159796164859242751e+00
3.216521975534488043e+00
3.162453592997953145e+00
3.179258596217235500e+00
3.148412160900166068e+00
3.146120840591020151e+00
3.208800513490857043e+00
3.193017906845001974e+00
3.183907753000550400e+00
3.199770535313164466e+00
3.204021673658635549e+00
3.201972979369657413e+00
3.183780947572494302e+00
3.198736071016095917e+00
