4.086385880679505256e+00
3.986592733095578822e+00
4.112305279806576230e+00
4.044409569659266346e+00
3.982493987004998459e+00
3.883887173170291085e+00
3.917443815233993654e+00
3.682902837158081422e+00
3.632722410782137867e+00
3.592567333385610517e+00
3.450573565960064482e+00
3.470798644079911011e+00
3.418115854034962986e+00
3.416181322689276101e+00
3.410870298513692944e+00
3.313213240224330391e+00
3.230409068675137441e+00
3.341494392917782275e+00
3.279757496465935063e+00
3.368488242885248951e+00
3.240334458150261998e+00
3.155727551102436745e+00
3.146631377629379500e+00
3.236097817432739276e+00
3.202757882049316329e+00
3.154740579331448913e+00
3.120415636435682316e+00
3.129544171879512060e+00
3.181713158104853889e+00
3.154937813314306450e+00
3.169828832934349805e+00
3.191078817411851620e+00
3.186521764369429022e+00
3.179330446743592109e+00
3.160430540472880523e+00
3.147460548111703282e+00
3.137547835703150323e+00
3.137870430498268526e+00
3.122453609185400047e+00
3.188345741039139369e+00
3.182749147243353338e+00
3.153088385897540480e+00
3.153428520576764704e+00
3.153474443402724425e+00
3.123681435285118990e+00
3.214418335694730455e+00
3.136126452924796304e+00
3.161433275648668939e+00
3.166931108218971946e+00
3.148582379153944011e+00
3.157053195815597402e+00
3.155006355126706907e+00
3.124030872271519321e+00
3.167352417682703702e+00
3.155592328234317012e+00
3.130138076170600581e+00
3.184816647793488720e+00
3.186918672191961566e+00
3.140512071803164051e+00
3.161663174846050417e+00
3.170127014960957723e+00
3.131301526222302289e+00
3.201016736946717067e+00
3.216125894927891693e+00
3.136249304257388015e+00
3.142046762479959288e+00
3.179295764508965227e+00
3.142713325699648230e+00
3.212573205023914635e+00
3.150484830841124406e+00
3.167389613839723950e+00
3.107357208127414783e+00
3.196575896961501240e+00
3.122620217913552487e+00
3.162736594311734706e+00
3.176527812359446923e+00
3.168287213740692554e+00
3.172570571903925440e+00
3.158760000470807849e+00
3.190692717055065852e+00
3.268483171949664978e+00
3.159448648347754407e+00
3.185657236460777142e+00
3.189504760383254922e+00
3.201099374631445116e+00
3.153200026495038166e+00
3.127752571807617787e+00
3.199136925300605672e+00
3.154126172423097785e+00
3.186020167223352573e+00
3.151447379282246608e+00
3.213443801092038310e+00
3.156306239937534563e+00
3.122010529712008431e+00
3.167414744104958046e+00
3.142604010400694481e+00
3.188187178512704723e+00
3.185651988291986036e+00
3.113165790132160993e+00
3.172634791485473116e+00
