4.103534033194796926e+00
4.187105107608929622e+00
4.019586595375721494e+00
4.058623356965323836e+00
3.828257817830386767e+00
4.019749970780594595e+00
3.925319062894903954e+00
4.076516091829355481e+00
3.993542483160481549e+00
3.974882624543696341e+00
3.903733514170237395e+00
3.915121850036260120e+00
3.897277777165952362e+00
3.734188559386707684e+00
3.852185885896957984e+00
3.864890861624475704e+00
3.741602869539549125e+00
3.798287465609042624e+00
3.862330015690028873e+00
3.774599400080641765e+00
3.802480387988413035e+00
3.693352839705307034e+00
3.773221795936084533e+00
3.693420583666626289e+00
3.603950433151644983e+00
3.624347040987730750e+00
3.598441129716361431e+00
3.702565596675402304e+00
3.693321953036615479e+00
3.560858877765139763e+00
3.562946245130765188e+00
3.558104641586747885e+00
3.588366535288871617e+00
3.508473859774871695e+00
3.553779603502148721e+00
3.509249874472779140e+00
3.514873700185572769e+00
3.617703716498535726e+00
3.417006836674743475e+00
3.506821297624457934e+00
3.459308179456639376e+00
3.423139393215057780e+00
3.481049890908346267e+00
3.537437791175075841e+00
3.456772375825587051e+00
3.404474937870811679e+00
3.424947917661324226e+00
3.325442469721151095e+00
3.458320369984340115e+00
3.320516819184674784e+00
3.369396817419475276e+00
3.345516434995575938e+00
3.311625405203810324e+00
3.388042259817457769e+00
3.315019116917796271e+00
3.338340257758963148e+00
3.303895750527345854e+00
3.258218139456317886e+00
3.295936225773518746e+00
3.317986514961094535e+00
3.293617624852063663e+00
3.199089298273309456e+00
3.258216316110087440e+00
3.216739993002228459e+00
3.298967644415480294e+00
3.291175495386261307e+00
3.299486745717469027e+00
3.288776394212697074e+00
3.402341809936072714e+00
3.274143167293976475e+00
3.269526248000586666e+00
3.210542046751176049e+00
3.166769674526712208e+00
3.239969232143268485e+00
3.164701284852364349e+00
3.235488910407496199e+00
3.391603395709169355e+00
3.329780135668122920e+00
3.231888977032653543e+00
3.246328155225415291e+00
3.208553151245382207e+00
3.237526732696214715e+00
3.191777722028610320e+00
3.233098870078360942e+00
3.267490617422891042e+00
3.207773064713925315e+00
3.201527612459480920e+00
3.227320942897425216e+00
3.220682796657633240e+00
3.270790059721946808e+00
3.285370804305273396e+00
3.227568755047311555e+00
3.228461760152597559e+00
3.210858141988043535e+00
3.235866576367101288e+00
3.170552603653896906e+00
3.230529027390465213e+00
3.106381517643073575e+00
3.223688283798821441e+00
3.221480222905821034e+00
