4.017271967044890424e+00
3.842818740593086702e+00
3.540280548133702077e+00
3.311397326974260480e+00
3.241881065004861284e+00
3.229035998691071718e+00
3.166906159890183758e+00
3.178422212645133804e+00
3.312100553934540059e+00
3.355772460125214351e+00
3.319604803062765175e+00
3.301439872814596832e+00
3.219594736780247324e+00
3.232840434942166219e+00
3.200286125044815577e+00
3.189569826953117637e+00
3.202226509970802493e+00
3.176708499168769073e+00
3.165017383849090038e+00
3.170980034992151086e+00
3.145171427201749026e+00
3.195744212111419014e+00
3.164930502922633337e+00
3.245892641728947314e+00
3.162853513828745022e+00
3.226361647304562208e+00
3.136446528807987910e+00
3.196258074872355248e+00
3.237775746012060196e+00
3.147137220771097255e+00
3.184239271951267547e+00
3.135031975763630019e+00
3.192398946036116403e+00
3.227771404758112972e+00
3.186330878013605705e+00
3.151170903469635576e+00
3.094656814637166242e+00
3.145427449388994656e+00
3.186042307384253203e+00
3.205489649567641042e+00
3.170170261082930097e+00
3.158405639294645795e+00
3.181774635874400126e+00
3.212704451015815810e+00
3.154572620696533214e+00
3.162216187080082008e+00
3.175609352605059499e+00
3.209382382248613386e+00
3.170436178078150036e+00
3.171949026372796077e+00
3.160340823503932750e+00
3.229540751701908796e+00
3.118751771999342726e+00
3.144987486709216462e+00
3.160605940529618518e+00
3.169739239221890603e+00
3.162390521393944720e+00
3.133678921182445176e+00
3.158406884877797971e+00
3.175876866766054629e+00
3.231774455273921376e+00
3.185175431976722038e+00
3.184941207897346249e+00
3.225149339290118711e+00
3.106263884194331304e+00
3.127575876978354152e+00
3.195334114449246421e+00
3.165432459631676743e+00
3.111071610160178746e+00
3.146158011553294553e+00
3.178024579499166613e+00
3.108592617251413337e+00
3.225994256490976930e+00
3.200120772086571197e+00
3.207508005095813353e+00
3.193578350044845138e+00
3.141244373690689873e+00
3.196406178172888968e+00
3.192792620832990647e+00
3.120336693797594929e+00
3.156112030338632746e+00
3.130113474462877576e+00
3.128235141303417510e+00
3.143625980561880251e+00
3.123504398040329200e+00
3.167035033082792772e+00
3.182027369346265733e+00
3.161076636121033623e+00
3.190424082191814392e+00
3.179736128105306481e+00
3.199183008936906880e+00
3.178146728270695665e+00
3.240400192360127107e+00
3.209544584980354998e+00
3.174647564469950112e+00
3.208873233723862572e+00
3.145071864019563179e+00
3.130827959079417688e+00
3.195225021271700161e+00
3.123302935733205832e+00
