4.198857142757421279e+00
3.966858856911920750e+00
3.948828079145696890e+00
3.804190734253809048e+00
3.730019369483483782e+00
3.640775729473633593e+00
3.549091579731728618e+00
3.491225611461717726e+00
3.365152418784655541e+00
3.357223297046796784e+00
3.232477645867042337e+00
3.204536954188610398e+00
3.213066289315587909e+00
3.253267609268981619e+00
3.170800796068637961e+00
3.192686636369502118e+00
3.181985721384946064e+00
3.162741105325095781e+00
3.313157149662782075e+00
3.164345674220844451e+00
3.211442354979093583e+00
3.189225137243813180e+00
3.204981833883356668e+00
3.202054870945540088e+00
3.219794670123118152e+00
3.211360528592072328e+00
3.205509888871069801e+00
3.147187379541865671e+00
3.178895675049605352e+00
3.239736275850804592e+00
3.227946608681684371e+00
3.173250193488867943e+00
3.182767956518034680e+00
3.193038270946361390e+00
3.211612449833419092e+00
3.166301560292785311e+00
3.168852159214902819e+00
3.241188048555728063e+00
3.167299179207260007e+00
3.124472956699049675e+00
3.158143248701708039e+00
3.121837961043242515e+00
3.211415073987118340e+00
3.167900104775384751e+00
3.173234779040340126e+00
3.165416472181472152e+00
3.218023528054740900e+00
3.156616537725948746e+00
3.227097099887480169e+00
3.152703921398444464e+00
3.169275595808632051e+00
3.159217293502350810e+00
3.162183347463660699e+00
3.161396638060425257e+00
3.192974875702042414e+00
3.128024119285332194e+00
3.157381169707027535e+00
3.169380076129628243e+00
3.212489695923680610e+00
3.217582528115381812e+00
3.225018772215946683e+00
3.142007481735513696e+00
3.149026854901619821e+00
3.184107125106398151e+00
3.144827427278045207e+00
3.158102753542592733e+00
3.190376384626641748e+00
3.163636087530752317e+00
3.164471758422407799e+00
3.209553340618778616e+00
3.151847861338442414e+00
3.141674515964166137e+00
3.217916506378234676e+00
3.125306102862095869e+00
3.181175787237350949e+00
3.213176593365395295e+00
3.181598690384562556e+00
3.173704351853519068e+00
3.148646640391731921e+00
3.156181876290301336e+00
3.122570116838017107e+00
3.175649699097198297e+00
3.113542247164560628e+00
3.127422720255479405e+00
3.119207418858197745e+00
3.154707710680778376e+00
3.108684330454664746e+00
3.181136612200725633e+00
3.123872226846414080e+00
3.170119208600088445e+00
3.205863682676865611e+00
3.218281185823625101e+00
3.178734645012254667e+00
3.237473468106380370e+00
3.176958476745666005e+00
3.120198929478412708e+00
3.191456463280874178e+00
3.175908545585725218e+00
3.213706233704766824e+00
3.152868674782705938e+00
