4.123532624087881793e+00
3.612018973384745202e+00
3.266048240394665125e+00
3.155969747644337797e+00
3.190362832687654304e+00
3.244941125665659953e+00
3.294105967933654622e+00
3.301466371537877809e+00
3.249373858015546457e+00
3.195400069838941093e+00
3.160550167754780038e+00
3.178803949223904635e+00
3.160679741982873825e+00
3.179166147015811017e+00
3.142283863297909985e+00
3.204414644945961399e+00
3.146124495725111547e+00
3.137041552377353160e+00
3.216733969719392849e+00
3.191234536040847836e+00
3.174834676163233116e+00
3.139526484413176277e+00
3.165279179657053188e+00
3.228326974545359995e+00
3.167681758532669978e+00
3.204462185650672090e+00
3.199186340514330595e+00
3.168055543346482317e+00
3.243498111592272082e+00
3.195733391597510131e+00
3.154806454174186037e+00
3.142264793531768241e+00
3.256417688553030043e+00
3.196770382642730279e+00
3.162602248099314117e+00
3.179429202230823037e+00
3.136547776027217793e+00
3.226164032856892572e+00
3.197417121889562175e+00
3.149693866131166864e+00
3.202676607441814927e+00
3.180184810545723995e+00
3.107727631052951800e+00
3.160362708624355310e+00
3.194022524562076359e+00
3.122658203658530862e+00
3.190305492163420631e+00
3.275337478908020739e+00
3.183407005202988138e+00
3.237503848547342855e+00
3.123035376569755606e+00
3.231726504276226652e+00
3.278060947602953856e+00
3.186449562418848025e+00
3.165623123109716275e+00
3.219658483605205124e+00
3.172985326535404216e+00
3.236413586924244967e+00
3.156747098358038794e+00
3.204364336111279243e+00
3.166648463249441825e+00
3.202224996203571816e+00
3.108884708602125624e+00
3.182403151276406383e+00
3.213372128306817732e+00
3.168352505217304493e+00
3.227213451363673435e+00
3.149381805939898804e+00
3.124273326001314466e+00
3.159710172181839472e+00
3.130850229468244539e+00
3.207918159404384628e+00
3.161181543142717931e+00
3.165620276873513106e+00
3.234725092631268062e+00
3.179528702648742655e+00
3.143412297780318276e+00
3.180532798935783667e+00
3.227349368959414377e+00
3.213455930779192560e+00
3.074287593528641338e+00
3.183974264660686782e+00
3.208969641919637183e+00
3.228367488082815928e+00
3.210312527496692159e+00
3.155343528234257455e+00
3.189197547023744139e+00
3.163123004724923248e+00
3.153970941295382246e+00
3.188714455776315404e+00
3.198891326113241007e+00
3.158895931582577976e+00
3.200034817146415467e+00
3.211280745483612531e+00
3.186258525146934861e+00
3.215782517829469445e+00
3.223272437198753781e+00
3.166751437451416962e+00
3.202907167258589372e+00
3.145274870235758247e+00
